older = 0.10000000149011612 
newer = 0.9333333432674408 
convo